#DC0


#DC1
2048 4096 6144 8192 10240 12288 14336 16384 18432 20480 22528 24576 26624 28672 30720 32768 34816 36864 38912 40960 43008 45056 47104
62.49 125.12 187.81 250.36 313.10 375.63 438.39 500.88 564.90 626.20 690.80 751.50 815.60 876.70 940.50 1001.90 1065.70 1127.50 1191.70 1253.60 1317.70 1378.50 1441.40
#DC2


#DC3
2048 4096 6144 8192 10240 12288 14336 16384 18432 20480 22528 24576 26624 28672 30720 32768 34816 36864 38912 40960 43008 45056 47104 49152 
62.4 124.82 187.25 249.66 312.09 374.49 436.90 499.30 561.80 624.20 686.6 749 811.5 874.3 936.7 999 1061.4 1123.6 1186.1 1248.1 1310 1372.1 1434.2 1496.4
#AD0


#AD1
651 1286 1914 2547 3179 3812 4445 5077 5709 6341 6974 7607 8239 8871 9502 10135 10769 11404 12041 12678 13314 13940 14562 15187 15813 16438 17060 17683 18306 18929 19550
20.193 39.648 58.92 78.32 97.72 117.11 136.51 155.90 175.30 194.69 214.08 233.47 252.85 272.24 291.62 311.00 330.45 349.87 369.39 388.93 408.40 427.60 446.70 465.85 485.03 504.23 523.4 542.5 561.6 580.7 599.7
#AD2


#AD3
689 1332 1959 2588 3219 3846 4482 5111 5742 6374 7003 7633 8264 8900 9531 10161 10791 11419 12048 12675 13301 13927 14555 15184 15810 16439 17060 17680 18300 18921 19540
20.17 39.552 58.76 78.08 97.4 116.73 136.05 155.37 174.69 194.01 213.33 232.64 251.97 271.41 290.74 310.04 329.34 348.62 367.87 387.09 406.27 425.47 444.71 463.95 483.10 502.32 521.5 540.5 559.5 578.5 597.5
#VI0


#VI1
80 1971 3955 5939 7923 9907 11891 13874 15858 17842 19825 21808 23791 25774 27757 29740 31723 33711 35704 37701 39700 41692 43655 45610 47568 49530 51493 53456 55414 57369 59324
90 1964 3930 5896 7858 9822 11785 13750 15711 17673 19634 21595 23560 25521 27480 29440 31402 33369 35343 37321 39296 41267 43204 45136 47073 48996 50931 52874 54809 56744 58665
#VI2


#VI3
85 1978 3957 5937 7916 9896 11875 13854 15833 17812 19791 21770 23749 25730 27721 29702 31679 33656 35630 37603 39571 41536 43503 45473 47445 49415 51384 53346 55299 57246 59193 61134
200 1815 3500 5190 6880 8570 10260 11950 13645 15335 17030 18725 20415 22112 23820 25520 27210 28910 30608 32299 33992 35685 37382 39085 40790 42500 44200 45900 47602 49292 50990 52400
